11. 1100011010. 159

nung gruem Sorglosigkeit 111 11011011, 1111· os 101001110111110
111101 1100 1101111013 1101 0101011100 10111011110111011 11111011 1101101-
ges ι111011001111111011 1011001300 111111011111101 01011 111 10111011100111.
die 11110 100110110101011101111011 1111111101111101 ,1011111011 110-
geben 11111100. Die 100110 11110000 1101 01 111 1101 ,01110111
Bearbeitung leider 0111001101 010111 1110111 1100011011 1111111100,
01101 010 sehr mit 1111100111 10111 1111 1110111111κί0 1101101100.
Fani 0111110011 1111 dus 10111010 1110011011. 111111 «lass 0101101111011
1111101 3000000000 110110111010111111 1011110011 110111 0101101010
11011 Augen 10110100 110110. 1101111 001101 0111111· 01 vnn 110111
Damnatus 0111011 bei 00110111 11111011111011011110111 1101000011 110-
0100111 1101100117), 0111110101 01 11111 1111 1111011Ιο 1101 01001110
1100110 011101 01111 11011011. 1110111 010011101110111011011110111
1011001011.

11001100 aber Bothe's 0101111101101110011111110 110-
111111, 10 111010110111011011111111010110111 1011 11011 110100000110111
11011 11011100 Plautus in 01110 11011101111111101100 111111 11110010-
11011 10 11101100 1111111011, 110 0011011 011 ganz 0101101110οι 1011
1100 10 1101 ’11101 00111 1011010111100 110011111101100 11101100.
1101 0111110 es ihm 11101. wic· filwrhaupl. 1011111010, 001111 01·
1011 110111 1110011101κο 0110111011. 11111 11011101· 101001000011 ,1101-
flung 111 11111011 1101011111110111111011, ,1011110111 010111011101110010111· 10111
1011101101110101111111 11110 01 11111110111011 010101110111110111101111011
zu 10111011 1101111111101110 ,1111110 1101111100 ,1011001 1111· 110111101-
0011011 101111010101111011 gleichsam 1011001101 0111011011 111 lassu-n?
11010 111011 1111101111 1100001100111111010011 100110111011 11101 00011
1001000001οτ 10111111111011 11111100. 011111· 11101110111001011011 ,1110οΙ1-
1001οΙ1 von [1111110000 10 00100μο0. 10111100 1110 11011010101101
Bacchides 1100011100, 0010110 0111 Ι1011001 11000. 0111101110111011
10101101011011110 10011110110 110111οΙ101οῑ 1110001111 in 01110101

1101101110, wenigstons 1110110010· 01110 11001010 1111111011 1101·

1111111101οι1 01111 11101110011011111110000111011011 1011100. 1011 11011011

1111 ,111-1110100101 1111011111 111-11110, 0000110010· 110101 11100 010 Ι111011
110111011 001101111011100 ,1000111011 01111”01101ὲ”10111011011 11111100, Ι1011110111οᾉ
,1110111011 111101· 1111· 1101101100 11011 1100111101110, 1, 11, 1100011. 11, 1, 3³.

 

