802 616616166616161.

166161166111, 160 456 Nonius p. 116, 8 P. 11011.
661 166. 166 160, 11 P. 666

11¹,616 661 161, 11. P.07

1186. 1252 550 166„ 60 P. 133

V, 295 480. 517 157,10 Ρ. 26

571 453. 459 159, 18 621

661. 611 , 616 166, 6 11641116.

947 434 f. 186, 61 160

Vl, 666 600 190,10 166

666 600. 606 ff. . 166, 16 666

Macrobius 666. Ι, 11, 5 Ρ. XXIII. 198, 81 817
XXVI 600, 11 P. 161

11 14.16(111,16, 11. 166, 4 111116.

’ 161166.) 11661. 116, 16 P. 161

vl, 1,61.6, 16. P. 26. 660, 16 P. 166

1,11 6616. 111, 6 11411

· 4,16 166 114, 16 6161.

Marius: 1. Victorinus 227, 15 617
Martialis 1, 16, 1 P. 6 116, 16 666
111, 06, 1 666 660, 60 160
Menander, Δκ ἐξαπατῶν 642. P.167 231, 13 P. 169
11661166 eom. v. 66 (Ribbeck) P. 66 616, 60 6061.
88 280 256, 21 693

116 . P. 66 601, 10 666

Epitaphium P.16 280, 5 5121.
Nonius p. 1, 26 656 306, 28 461
4, 28 Ρ. 161 315, 12 467

9, 10 272 · 333, 31 311

616 P. 176 361, 0 P. 1661.

11, 10 606 616, 11 616

60, 61 666 616, 11. 141

6614 · 11166 416, ,61 6661.

16, 1 P. 131 161, 16 6111

16, 61 166 446, 16 P. 111

16, 11 P. 170 116, 61 P. 166

102, 7 329 468, 30 P. 661

106, 23 Ρ. 135 474, 62 831 ff. 368 ff.

106, 1 P. 112 166, 61 461

11 111166. 600, 1 606

109, 22 656 510, 27 550

Ι 116, 10 P. 161 , 611, 6 P. 116
111, 61 166 ’ 616,60 P.101

166, 6 , P. 167 661, 6 P. 161

164, 16. 66 1116616111.1166164611111166661) . 666

139, 31 248 Pacuvius v. 244. 422 (Ribbeck) 166

116, 16 666 610 661

147, 27 P. 155 Ρ61161111166.4111.46,1(8116116161) 510

 

