806 1111111111111111.

Plautus Plautus
Mercator Miles gloriosus
prol.=l, 1, 6 P. 919. ll, 9, 26 (182) 174
· 111 1111 181 (212) 911
99 9991. 570. 575
51 999 991
91 . P. 20 173
71 418 556
1, 2, 1α1(111-111. 121) 999
397 ff. 4201.
1 (111) 1211. , 1111.
33 (1441 69111. 568
12 (111). 211 · 1111
107 (220) 5471. 5, 26611) 707
11, 1, 1221) 212 1,11.11(11.111) 111
2,1(211) 111 11111111
’ ’544 .
3001. 175
'999 545
400 260
’ 335 614
111, 1, 1315111 453 999
1 1 1111 111 111611) 999
17, 3, 37 (999) 939 1211622..) . 999
1,11.11(711111)4111 130 (999) 991
3776 fl. 472. 772 133 (728111. 1111161.

7, ,2618691 413 199 (774) 4311.
’ 441 1

111) 111 111 (111 111
101 (9421 425 182 (999) 999
1(111) 991 9, 99 (9999 111
1, 99 (111) Ρ. 111) 1111616211
(4110011260 17, 1, 30 (0861 684
99 (11122) 991 (111) 1 1111.
arg. 111611. 1.2 3061. 416 4, 93 (1199) 173
Miles gloriosus 2(1163) 999
9, 1, 99 111111 99 (1111) 111
99 1111. 11 (1111111. 111
111 211 . 56 (1199)· 9991.
611. P. 409 1 4121.
11, 1 11(11) 11113 9,91 1111) 999
176171 502 31(13411 474
99(1991 999 11,1, ((1111) 111111
431121) 111 11 (1121) 111
46(124) 999 1113121011. 1111121111
6464211. 999 Mostellaria
9, 9(199) 191 1, 1, 11 (11) 111111.
19 (1111 121 2, 11 (99) 111131.

 

