11111111111111· 1111111111. 1111

11111 1113111111 auf 1111 1111111111 1111 1111111111111111111 1111111111
und Plautus vernulam 1111111111, 111 11111111111111111111111111111111
1111111111111111111111 1111111111 11111· ,11111111111111 zu 1111111111.
11111111 zu 1111111111 11111111111111111 1111111111111111111111111111111111
1111111111111111111111111 gar 111111. 111111 1111111111111· ,1111111111
11111, z. B. zu 1111111)(1111111111111111111111, 11ῑί11· vs 11111111, 1111111
jemand 11111 31111111111111111 1111 1111111111111111 111111111111111111
1111111111, 1111111111] 1111· 111111111111111 11111. 1111111111 1111111-
111111, 1111111111 1111111111 111111 11111111111111111· 1111111111111111111111
1111111 111111111111 1111111111111111111 1111 111111111111 1111 111 111111-
1111111111 (1111111111. Eine 11111111, 111111 111111111111111111111111-
1111111111 1111111111 111111 11111 1111111111111111111· ’1.1111111111111111111111111
1111 11111111, was sich 111111 1111111111111111 111111 11111111Ι 11111111
1111111 11111. 111111111111111 1111111111 11111111 1111111111·111111111111
1111 1111111111ιά1 110111· 1111111111 zu hnben3 1111111 Ι1111111111111111
1111111111 1·’111111111111111 111111 11111111111111111111111 1111 11111111-
111111111111111111, 1111111 111111111111 1111111111 111111 111111111111111111
11111111111111111 11111111111111111 ist, 111111 111111 11111111111111111111
111311111111111111 111111 11111 ¹sic-h 11111111 1111111111111 1111111 1111111
1111111111 11111111 1“111111111111111111111111111111111111 1111111111111. Su
11111111 sich fiir 1111 ’1111111111111 1111· 11111111111111 11111 1111111111
Mi 111111111111111 Bois-pide· 11111111111111 Duplu'ne [1111111111
1111 ,19111111 111· ,1111111111113 Ἀγι111πνοε1ΧΙΙ, 11111. 1111 ,111111
11111183. 4111. 1111111 ,ις 1111111 1111 11111 1113111111111 111111 11. 1111111111·
1111111111 auf 1111111111 1111111111111111· Numen 1111 111111111111,11111
111111111 1111111 1111111 111 111111111111111, 1111111 1111111131111111111-
malpsalteria 1111111111111111111111 11111111 exli, 4151. 1111111· .
11111111111 111111111111 11111 111111111111111 111111111111111111111 1111111 11111· 11·
11111111, 1111111 1111 ‚siv 111111 111111111111111 Text 11111111111111111
111111111111111. als 11111111 1111111111111111111111 plebejischvr ···l··1·
1111111 111111111111111 11111111111111 111 werden. 11111111 1111111 11.
11111111111111 1111·1111111111111111·111111111111111, 111111 11111111 1111 ,111-

ΙΙ11111111111111 1111111111111111111 1111, 411 [11811111 1111111 1111
1111111111111 11111111111111111111 Palatinus 1111111. 11, 2111.
1111111111· 1111 1111111111· 11111 1111111111111111111111111101 111111111311

11111 12111111 1111· suasis! 11111 1111111131111111 1111111111 111

 

