81811811888188118. 199

460. 462. 492. 493. 726. 778; oc in 8 volup volupe 881. 46011.
581311811511311 in1‘115. 441. 66166111 6616116 2021.
460. 492. 644. 726. 778; - y=oe 7613086166116 188. 481 f. 1666661.

’ 611;6.-.6,1’1191.4811.1661. 610. 621. 660. 660. 718. 722. ’
7227. 726. 772. Ρ. 410 78011

ΠΙ. stessnnregisur.

11661111 , Charisius
711161. 6616166661) 487 [186,10 443
66 821 9618 P. XXVII .
67 261 101, 18 670
Ι 78 4806121. 103, 29 12871:
166 66111. 161, 1 666
266 486. 801 106, 6 - 11116
268 688 18818 888
666 166 161, 1 11 8111:
518 688 146,17 606
p. 188 1881. , 111, 6 11111111
188 4611. 181, 26. 188, 4. 186, 16.
6166161166 616116661666 16611 ’ 616
Afranius 1. 28 (Ribbeck) 328 193,16 Ρ. 0 .
107 246 ’186, 12 829. Ρ. 118
188 666 161, 16 111111. 871.
161 616 166, 16 , 111
276 60211. 200, 7 322 ff.
Analecta vindobonensia 11388 201, 6 666
116661616616666111.ΙΙΙρ.222(011(Ι.)248 201, 17. 22 321 f.
1111 p. 666. 8811. 8181. 161, 30 616
66 mundo p. 666 166 166, 1 Ρ. 666. 116
4166616111 669 (01.) P. XXIV 20011 329
411166666611164841) Ρ. 2781 211,16 246
Angnsunnnde civ. 111118 P. 57 ff. 211, 23 203
11116 11111111 11616111, 111. Ρ. 666 ff.
4111661111 epitaph. her. 1‚1 498. 602 216, 31 1611
1161166.2876(Ρ1111611) 600 217, 1 666
Caesar bell. civ. ΙΙΙ, 81 660 221, 6 272
0611611, 81 666 111, 16 1). 166
Calpurnius, eelogae 670 229, 26 389
Cup81‚F181iu8p. 2240,7Ρ. 403 287, 2 669
Carmen Nelei 461 288 adnot. 266
Catullus 11, 28 660 241, 27 P. 191
Charisius Cicero
p. 80, 11111811) 118 Academica 11 0 20 113111
11, 11 661 ff. 61. 661. 616
48, 20 443 1118181811-18 P.Xs.8us.681·.
66, 11 161 11 11161. 66 f.

 

