811111111111131111151511.

&ronias 2. 71 p.81‚1 677 Plautus
222222 1, 22 (22),2 22 Aulularia
22, 22 266 11, 2, 22 222
ΙΙΙ, 16, 2 676. 694 44 283 s.
56 672. 674. 696 2, 57 248
IV, 8(9),2 672. 696 4, 7 266
22, 22 ’222 111, 2, 2 222222
2221222 Ι 2, 111. 199
mphitruo, Lsseko 273 4, 12 6871.
prol. 22 12222 22 · 222
6511. P. 221. 229 22 269
222. 22 f. 12222 11, 2 ’12222
222 Ρ. 22 2, 22 Ρ. 2222.
1,,2 22 (22211 12222 22, 22 222
222 (222) 222 22 222
222 222) 222 22 222
611 arg. metr. 1 111
222 Bacchides, Fragmenta 242. 323 ’
Ρ. 428 3291.
269 · 338 f.
673 '- „ 321 f.
· 22 (222) 222 · 222
2, 222 (222) 222 22 ff. 22221.
222 (222) 222 2211. 2221.
HM, 28(969) 432 19 33626764675
64(945) 432. 774 26 333 f.
2, 22 (222) 222 2211. 22221. 2222.
1V‚,1 1(1011) 222 2211. 22221.
3, 15 (1649) 631 29 346
uinaria 36. 924. 939 ff.
prol. 911, P. 22s. ’ 34 329
n„ ΜΡΝ 12ΗωΗω
16 Ρ. 233 294-366
2, 2, 22 (22) 222. 22211. 11 (22) 222. 222
73. 86 (91. 93) fl'. Ρ. 541 31 (73) 297. P. 419
11,1, 2(256) 447 73(166)1’. 312.355ff.P.420
2, 22 (222) 222222 2, 22 (2222 Ρ. 222
993( 66) Ρ. 512 11,1,2(111) 647
111, 2, 22 (222) 222 2, 22( (222) 222
22 (222) 222 2, 22 (222) 222
lv, 1, 22 (222) 222 22 (222) 511. 511x
v, 2, 22 (222) 222. 2221. 22 (222) 222
22 (222) 222 22 (222) 222
1212212212, 1221212222 283. Ρ. 142 74 (903) , moos. 410
prol. 22 222 22 (222) 222 ·
1, 2, 22 222 111, 2, 2222) 22222

11, 2, 2211. 222 2, 2(222) 2221.
» 51*

 

