111111111111· 1111111111 1111111111. 1111

rende 1111111 11111111111111111 1111111111. ,11111 1111111 1111111111-
11111 1111111111 1111111111 1111111111 11111111 1111111 1111111111 1111111,
1111111111 111 111κί1111111 11111111 111111 111 1111111111111111111111
1111111 111111 11111111111111 111111111111111 1111111111111111 11111 1111
1111111 11111111111111 1111111111111111 11111111111111111111111 ,1111111111
1111111111,111111 1111111111 1111 11111 111111111111111, 1111111111 1111111
1111111111 hat 111111· 111111111111111111 1111111111· 1111 811· 111 11111111.
11111111181111111,1111111 1111111 1111111111 11111111111111 81111111 1111·
81111111111111, 11111111 11111111 111 1111111111111111 1111111111111·111.11,
1111111111 1111111111 111111 111111111111 111111· 111111 1111111111 11111,
111 111111111 1111111111 ,11111111 als 11111 1111111111111·111’1·1.-11111 111
1111111111.

1111111111 111111111111 8111111111111111111 11111111 811 va, 1111·
1111111111 1111111111111 111111 111111111111 11111 1111111111111111111111 1111
1111111111 1111 11111111111111111 1111111111· 111111111111111, 1111· 1111111
111111111111111 1111111111111111 1111111111 111111· 11111111111111 1111111-
111111111 1111111111111 1111 1111· 1111 1111 1111111111111111 111111111
1111111111 11111111111111117111111111, 1111111111 ,1111111 1111111111111
11111 1111111111111 1111111111111 11111111 1111111, 1111111 11111111111111-
11111 des 1111111111111111 ’1111111 1111111111111111· 111111111111 111-11·.
1111111111· ist 1111111 111111111111111 111-111 1111111111111111111,111
11111 1111111111 1111111111, weil 111 1111111 11111111 111 ,1111111 1111111111
11111111111111 111111111111 111111 11111 111111 11111111 511111· 1111111111111
111111. 1,)1111111111111111 11111111111111 ,11111111 11111Ι 11111111· 111 1111
1111111111, 11111] 1111111111111· 11111 111 1111111111 111 1111111111111111·

1.Ϊ11)1111111,111111 111111111111111111111, Ι11· 1111111 1111· 1·“111·1.11·1111111·1Ι1·1

111111111111· subjective 1111111111 111 1111111111111 1111111111, 1111·
1111111111 1111111111111111 111 1111111111111 11111111, 111111 1111· 1111·
11111111111111 vor 11111111 111111111111111111111111111111 1111111111111111111
1111 111111 1111 111111111111111· 1111111111111111111111. 1111· 11· 11··111111-
111111· (11111111, 1111111 11111111 1111 111111111111111111· 1’1·1111·111·1“1·1111111
11111111111111111 1111111111 1111111·; 111111111111111111. 1111111111111111111
11111111 1111111111111 11111111111111, 11111111 1111111· 1111111111· ’11111111111111
11111 11111 1111111111 1111· 1111111111111111111 11111111111111 1111111111
11111111 11111111. Es 1111111111· 11111 1111111 1111111111Ι 1111111111, 1111·
11111111111111111111 1111111111 1111 1111111 ’111111 1111111111 1111-

 

