5154 7777 777777771177777777 77777777

7171 1 -; ..... 1, 1
11 = 1, 2. 11, 1-ᾒ21, 111, 1----1
111 -- 111, 17. 11. lv, 1--8
1Υ =1v, 9
Υ 2: 1Υ, 111. Υ, 12

.. ÷ 73 Verffie,
716 ,,

7777 ,‚
777 ,,
7377 „²⁴

11 11 11 11 11

117777 7117777 7117771777177777, 777 7171 ist 77777177, 171 1771771· 777

7777177177777, 777771 777171177777717777777 7117· 71711111777777 7177 Stssc. 17777·
1777771777. 111777· 777777 71777 7777717717 7171111) 17777177 ’77777777ῐι «77-
7777117171777 7111777171 77777 77777171717777717777 111777771777777 ’777
177717777 7777777171- 771177, 7777117· 71717 nur 7117 17 7177 Τ1771 17711177-
77717177 17777177117717777777 7177 Scene-11 777771777711717 77771777. [jas
Bindegliecl 177 7117 11777777 7177 Lydus, 7177777 7177177711777771 171-
7777777 177 71777· 77777777777717117777777177 81771771771777 7777717177 i 711
77717. 77· 7771717777 77777, 717777 Pistoclerus 7717777· ’17777177 7111·
7777717777 177, 777771 7777 117777 77 71777 717777177777111771771777 7,]ὶῆ
171777177777171777777 7771771, wie 77 17 7177 1717177777 1177771777 ‘¹¹0
1117777177, 77777777 7717777 7717177777777 771777117777, mit tGew-ae‘au
77177177177777777711777777171777Υ·77777·7717771777177771711777· 77ἶ“ι ”
77· 7717. 7711777777· 7717177777, 77777 11777 77777 1177177177 7177 871177ιὲ ’ᾖ

77711177.7·7,777·7..77 177 71777 ’177177177777777 7771771777 71777 0⁴1³th

777771 717777 77771777 ,1777777177 711117 7117,17717777177177117771( “”

777771 717777 77 117177 7771177777 77 7771777 77717 7 777717 1177 7·77717· 777, 7777717·

77177 77717 1777177177, 177 71777 ’17771771777777777 7771771777 7171 ''
7777 77771177 77771 7171177777 71777 7171777177 7177 11777771177717777, 77717177]

,71717 77771777 77717 71777 71777 Lydus und 117117777777 zu 717777 ⁴

*7 1171717777 giht 7177711771711177177· 7177· 71777 777717 7177 77777111771171771ν
,11711771177777 717171 717777 7177· 7777177777· (11717177711771717717 77717 71777 11777 ³
77717177131,117, 17771, 777771, 1217. 1111773777777177771717777171177777771(
’1777 7777777177.)

*1171771717 7777171717 man 71711717177 7777 1177117777 7177 777 ,171777Ι m
1, ⁴—- 111, l:- ’2717177777 777771 111,-1* 7·- 111 17777 7717171 7777171717
11717 1177177 ,1117177 777777 1711117 7177777 7771717777 711777 71177 777777757717
177111771777 71777877177777171 7777 ,177777 7717777 177 7777777177 777177 7171 777177
1171777 gar 7171717 777 777777. 117 7177 ,1777777177 71111971771771717 77717171
7177117777 7771771777 177777 71777 Stin-k 177 777177 ,1717 777 11771177, 7777 17
Ι17171 7711777111717 17777777]

 

