80 ⁴

Plautus
Persa
144,4.444 44
44444 44
44444) em
Poenulus
prol. 1414 P. 211 f.
23 ff. P. 2231.
375. P. 229
54 P. 205
ffl Pspw
’59 260
164 549
- 44,4 44
66 549551
66 ff. 265 5, 296 f.
109 413
129 656
4 4 444
35 · 246
1444 m
434 44
444 44
22 719721
5, 2 545
9 262. 456
IV, 1, 1 4735
444 44
VA‚1 44434
444 444
27 453
40 260
4 ’ 44
119 248
4,4 34
4,4 44
Punica 728 s.
l'seudulus,111'icke11 259. 264. 273
44444444 4ο
91 P. 542
98 470 1.
2, ,14 (147 527
255
5615.
256
176

123

STELLENREGISTER.

Plautus

Pseudulus

444444) 44
444) 44
4444 44444
44(44 44
4444 44444
44444 44444
4,444) 44
4,444) 44
4444 444
44(44 4444
44444 434
444444444
44444) 44
4444) 44
4444 44
444) 44 ,

4 44444 ) 44
444) 44
4(44 44
4(44 44
4444 44
4444 44
14,4, 444) 44
4,44(4 4) 444
w1) Q

4444 44
4 m) 444

V,l‚ (954
4444
2, 55 (1012)
444444
444444
44444
4444444.
13 (1169)
44444
44444
44,4(44)
-44444
4,4444
444444444
Rudens
prol. 68
73
1, 1, 4 (86)
4444

 

