804

Plautus
Bacchides
111‘ 3 33 (433)
3, 33 (433)

STELLENREGISTER.

’(27
, 484

82(488)11. 88869311.
4,14 (612)(1. 176. 286.

Pmffl “”

33 (333)
3, 43 (333)
43 (343)
Ν,,3 3(3 33)
e 434 (333)
433 (333)

3, 43 (333)
33 (343)
33 (333)
43 (333)
3, 4(343)
3, 3(333)
33 (343)
33 (343)
33 (343)
33 (343)
43 (333)

149 1033 ff.

30(
9(
(
(
(
(
10(

3, 3 (4433)
33 (3334)
33 (3334)
mmmm

Captivi
prol. 8
10 f.
154. ,
24
39
68

3333)

333
333

P. 4434.
433

343

343. P. 344
343
3433.
Ρ. 406
333

333

343

433

Ρ. 443
433

’ 433
443

343

P. 405 s.
433 f.
433

1033)ff 3333. ,
43 (3333)
44 (3333)

323

Plautus

3 1
3, 33 (333
Casina, Lfieken
proL 1-4
5-8
91.
8-20
13

P.428 -‚2

Ρ. 405
579
458

Ρ. 411

w
Paen
Pwu
33
687
333

343
334
3334. 3343.
3333.

P. 3334.
4334. 333. 334
P. 433
333

434

4334.

434

343

333

P. 333(
. 3433.
433344.
P. 4334. 334
3334.

P. 181ff.
P. 4334.
333

333

P. 333 s.
343

P. 3334.
343

P. 434
433

333

P. 433
343

333. 333
330

P. 434
343. 3434.
343. 433
434

Ρ. 433
343

4333.

433

344

Ρ. 193(
334 4.

 

